57  1517 1618 3103 4751 7919 8795 11850 13140 17591 18167 19127
59  1517 1618 3103 4751 7919 8795 11850 13140 17591 18167 20516
57  1517 1618 3103 4751 7919 8795 11850 13140 17591 19127 20516
59  1517 1618 3103 4751 7919 8795 11850 13140 18167 19127 20516
57  1517 1618 3103 4751 7919 8795 11850 17591 18167 19127 20516
58  1517 1618 3103 4751 7919 8795 13140 17591 18167 19127 20516
57  1517 1618 3103 4751 7919 11850 13140 17591 18167 19127 20516
57  1517 1618 3103 4751 8795 11850 13140 17591 18167 19127 20516
57  1517 1618 3103 7919 8795 11850 13140 17591 18167 19127 20516
60  1517 1618 4751 7919 8795 11850 13140 17591 18167 19127 20516
57  1517 3103 4751 7919 8795 11850 13140 17591 18167 19127 20516
57  1618 3103 4751 7919 8795 11850 13140 17591 18167 19127 20516
63  1827 3630 5183 5518 11280 11389 13297 15114 15223 18906 20632
66  1827 3630 5183 5518 11280 11389 13297 15114 15223 18906 21254
63  1827 3630 5183 5518 11280 11389 13297 15114 15223 20632 21254
65  1827 3630 5183 5518 11280 11389 13297 15114 18906 20632 21254
65  1827 3630 5183 5518 11280 11389 13297 15223 18906 20632 21254
64  1827 3630 5183 5518 11280 11389 15114 15223 18906 20632 21254
63  1827 3630 5183 5518 11280 13297 15114 15223 18906 20632 21254
69  1827 3630 5183 5518 11389 13297 15114 15223 18906 20632 21254
63  1827 3630 5183 11280 11389 13297 15114 15223 18906 20632 21254
63  1827 3630 5518 11280 11389 13297 15114 15223 18906 20632 21254
63  1827 5183 5518 11280 11389 13297 15114 15223 18906 20632 21254
57  3630 5183 5518 10578 11389 13297 15114 15223 18906 20632 21254
68  3630 5183 5518 11280 11389 13297 15114 15223 18906 20632 21254

#pre-candidates: 28
#candidates:     26
Lapsed time:     0.491
