522 710 1078 6552 6802 7364 9176 10241 16960 17386
522 710 1078 6552 7364 9176 10241 12461 16960 17386
522 710 1078 6552 7364 9176 12461 13294 16960 17386
522 710 1078 6552 7364 9176 12461 15763 16960 17386
522 710 1078 6802 7364 9176 10241 12461 16960 17386
522 1078 6552 6802 7364 9176 10241 12461 16960 17386
710 6552 7364 9176 10241 12461 13294 16960 17386 17598
710 6552 7364 9176 10241 12461 13294 16960 17386 21120
710 6552 7364 9176 10241 12461 13294 17386 17598 18105
710 6552 7364 9176 10241 12461 16960 17386 17598 18105
904 6720 7108 9759 10439 12831 15647 16291 17247 21713
904 6720 7108 9759 10439 12831 15647 16291 17247 22052
904 6720 7108 9759 10439 12831 15647 16291 21713 22052
904 6720 7108 9759 10439 12831 15647 17247 21713 22052
904 6720 7108 9759 10439 12831 16291 17247 21713 22052
904 6720 7108 9759 12831 15647 16291 17247 21713 22052
904 6720 7108 10439 12831 15647 16291 17247 21713 22052
904 6720 9759 10439 12831 15647 16291 17247 21713 22052
904 7108 9759 10439 12831 15647 16291 17247 21713 22052
1517 1618 3103 4751 7919 8795 11850 13140 17591 18167
1517 1618 3103 4751 7919 8795 11850 13140 17591 19127
1517 1618 3103 4751 7919 8795 11850 13140 17591 20516
1517 1618 3103 4751 7919 8795 11850 13140 18167 19127
1517 1618 3103 4751 7919 8795 11850 13140 18167 20516
1517 1618 3103 4751 7919 8795 11850 13140 19127 20516
1517 1618 3103 4751 7919 8795 11850 17591 18167 19127
1517 1618 3103 4751 7919 8795 11850 17591 18167 20516
1517 1618 3103 4751 7919 8795 11850 17591 19127 20516
1517 1618 3103 4751 7919 8795 11850 18167 19127 20516
1517 1618 3103 4751 7919 8795 13140 17591 18167 19127
1517 1618 3103 4751 7919 8795 13140 17591 18167 20516
1517 1618 3103 4751 7919 8795 13140 17591 19127 20516
1517 1618 3103 4751 7919 8795 13140 18167 19127 20516
1517 1618 3103 4751 7919 8795 17591 18167 19127 20516
1517 1618 3103 4751 7919 11850 13140 17591 18167 19127
1517 1618 3103 4751 7919 11850 13140 17591 18167 20516
1517 1618 3103 4751 7919 11850 13140 17591 19127 20516
1517 1618 3103 4751 7919 11850 13140 18167 19127 20516
1517 1618 3103 4751 7919 11850 17591 18167 19127 20516
1517 1618 3103 4751 7919 13140 17591 18167 19127 20516
1517 1618 3103 4751 8795 11850 13140 17591 18167 19127
1517 1618 3103 4751 8795 11850 13140 17591 18167 20516
1517 1618 3103 4751 8795 11850 13140 17591 19127 20516
1517 1618 3103 4751 8795 11850 13140 18167 19127 20516
1517 1618 3103 4751 8795 11850 17591 18167 19127 20516
1517 1618 3103 4751 8795 13140 17591 18167 19127 20516
1517 1618 3103 4751 11850 13140 17591 18167 19127 20516
1517 1618 3103 7919 8795 11850 13140 17591 18167 19127
1517 1618 3103 7919 8795 11850 13140 17591 18167 20516
1517 1618 3103 7919 8795 11850 13140 17591 19127 20516
1517 1618 3103 7919 8795 11850 13140 18167 19127 20516
1517 1618 3103 7919 8795 11850 17591 18167 19127 20516
1517 1618 3103 7919 8795 13140 17591 18167 19127 20516
1517 1618 3103 7919 11850 13140 17591 18167 19127 20516
1517 1618 3103 8795 11850 13140 17591 18167 19127 20516
1517 1618 4751 7919 8795 11850 13140 17591 18167 19127
1517 1618 4751 7919 8795 11850 13140 17591 18167 20516
1517 1618 4751 7919 8795 11850 13140 17591 19127 20516
1517 1618 4751 7919 8795 11850 13140 18167 19127 20516
1517 1618 4751 7919 8795 11850 17591 18167 19127 20516
1517 1618 4751 7919 8795 13140 17591 18167 19127 20516
1517 1618 4751 7919 11850 13140 17591 18167 19127 20516
1517 1618 4751 8795 11850 13140 17591 18167 19127 20516
1517 1618 7919 8795 11850 13140 17591 18167 19127 20516
1517 3103 4751 7919 8795 11850 13140 17591 18167 19127
1517 3103 4751 7919 8795 11850 13140 17591 18167 20516
1517 3103 4751 7919 8795 11850 13140 17591 19127 20516
1517 3103 4751 7919 8795 11850 13140 18167 19127 20516
1517 3103 4751 7919 8795 11850 17591 18167 19127 20516
1517 3103 4751 7919 8795 13140 17591 18167 19127 20516
1517 3103 4751 7919 11850 13140 17591 18167 19127 20516
1517 3103 4751 8795 11850 13140 17591 18167 19127 20516
1517 3103 7919 8795 11850 13140 17591 18167 19127 20516
1517 4751 7919 8795 11850 13140 17591 18167 19127 20516
1618 3103 4751 7919 8795 11850 13140 17591 18167 19127
1618 3103 4751 7919 8795 11850 13140 17591 18167 20516
1618 3103 4751 7919 8795 11850 13140 17591 19127 20516
1618 3103 4751 7919 8795 11850 13140 18167 19127 20516
1618 3103 4751 7919 8795 11850 17591 18167 19127 20516
1618 3103 4751 7919 8795 13140 17591 18167 19127 20516
1618 3103 4751 7919 11850 13140 17591 18167 19127 20516
1618 3103 4751 8795 11850 13140 17591 18167 19127 20516
1618 3103 7919 8795 11850 13140 17591 18167 19127 20516
1618 4751 7919 8795 11850 13140 17591 18167 19127 20516
1827 3630 5183 5518 10578 11389 13297 15114 18906 21254
1827 3630 5183 5518 10578 11389 13297 15223 18906 21254
1827 3630 5183 5518 10578 11389 13297 15223 20632 21254
1827 3630 5183 5518 10578 11389 13297 18906 20632 21254
1827 3630 5183 5518 10578 11389 15114 15223 18906 21254
1827 3630 5183 5518 10578 11389 15223 18906 20632 21254
1827 3630 5183 5518 11280 11389 13297 15114 15223 18906
1827 3630 5183 5518 11280 11389 13297 15114 15223 20632
1827 3630 5183 5518 11280 11389 13297 15114 15223 21254
1827 3630 5183 5518 11280 11389 13297 15114 18906 20632
1827 3630 5183 5518 11280 11389 13297 15114 18906 21254
1827 3630 5183 5518 11280 11389 13297 15114 20632 21254
1827 3630 5183 5518 11280 11389 13297 15223 18906 20632
1827 3630 5183 5518 11280 11389 13297 15223 18906 21254
1827 3630 5183 5518 11280 11389 13297 15223 20632 21254
1827 3630 5183 5518 11280 11389 13297 18906 20632 21254
1827 3630 5183 5518 11280 11389 15114 15223 18906 20632
1827 3630 5183 5518 11280 11389 15114 15223 18906 21254
1827 3630 5183 5518 11280 11389 15114 15223 20632 21254
1827 3630 5183 5518 11280 11389 15114 18906 20632 21254
1827 3630 5183 5518 11280 11389 15223 18906 20632 21254
1827 3630 5183 5518 11280 13297 15114 15223 18906 20632
1827 3630 5183 5518 11280 13297 15114 15223 18906 21254
1827 3630 5183 5518 11280 13297 15114 15223 20632 21254
1827 3630 5183 5518 11280 13297 15114 18906 20632 21254
1827 3630 5183 5518 11280 13297 15223 18906 20632 21254
1827 3630 5183 5518 11280 15114 15223 18906 20632 21254
1827 3630 5183 5518 11389 13297 15114 15223 18906 20632
1827 3630 5183 5518 11389 13297 15114 15223 18906 21254
1827 3630 5183 5518 11389 13297 15114 15223 20632 21254
1827 3630 5183 5518 11389 13297 15114 18906 20632 21254
1827 3630 5183 5518 11389 13297 15223 18906 20291 21254
1827 3630 5183 5518 11389 13297 15223 18906 20632 21254
1827 3630 5183 5518 11389 15114 15223 18906 20632 21254
1827 3630 5183 5518 13297 15114 15223 18906 20632 21254
1827 3630 5183 11280 11389 13297 15114 15223 18906 20632
1827 3630 5183 11280 11389 13297 15114 15223 18906 21254
1827 3630 5183 11280 11389 13297 15114 15223 20632 21254
1827 3630 5183 11280 11389 13297 15114 18906 20632 21254
1827 3630 5183 11280 11389 13297 15223 18906 20632 21254
1827 3630 5183 11280 11389 15114 15223 18906 20632 21254
1827 3630 5183 11280 13297 15114 15223 18906 20632 21254
1827 3630 5183 11389 13297 15114 15223 18906 20632 21254
1827 3630 5518 11280 11389 13297 15114 15223 18906 20632
1827 3630 5518 11280 11389 13297 15114 15223 18906 21254
1827 3630 5518 11280 11389 13297 15114 15223 20632 21254
1827 3630 5518 11280 11389 13297 15114 18906 20632 21254
1827 3630 5518 11280 11389 13297 15223 18906 20632 21254
1827 3630 5518 11280 11389 15114 15223 18906 20632 21254
1827 3630 5518 11280 13297 15114 15223 18906 20632 21254
1827 3630 5518 11389 13297 15114 15223 18906 20632 21254
1827 3630 11280 11389 13297 15114 15223 18906 20632 21254
1827 5183 5518 11280 11389 13297 15114 15223 18906 20632
1827 5183 5518 11280 11389 13297 15114 15223 18906 21254
1827 5183 5518 11280 11389 13297 15114 15223 20632 21254
1827 5183 5518 11280 11389 13297 15114 18906 20632 21254
1827 5183 5518 11280 11389 13297 15223 18906 20632 21254
1827 5183 5518 11280 11389 15114 15223 18906 20632 21254
1827 5183 5518 11280 13297 15114 15223 18906 20632 21254
1827 5183 5518 11389 13297 15114 15223 18906 20632 21254
1827 5183 11280 11389 13297 15114 15223 18906 20632 21254
1827 5518 11280 11389 13297 15114 15223 18906 20632 21254
3103 4751 7919 8795 11850 13140 17591 18167 19127 20516
3630 5183 5518 10578 11280 11389 15114 15223 18906 20632
3630 5183 5518 10578 11280 11389 15114 15223 18906 21254
3630 5183 5518 10578 11280 11389 15114 15223 20632 21254
3630 5183 5518 10578 11280 11389 15114 18906 20632 21254
3630 5183 5518 10578 11280 11389 15223 18906 20632 21254
3630 5183 5518 10578 11280 15114 15223 18906 20632 21254
3630 5183 5518 10578 11389 13297 15114 15223 18906 20632
3630 5183 5518 10578 11389 13297 15114 15223 18906 21254
3630 5183 5518 10578 11389 13297 15114 15223 20632 21254
3630 5183 5518 10578 11389 13297 15114 18906 20632 21254
3630 5183 5518 10578 11389 13297 15223 18906 20632 21254
3630 5183 5518 10578 11389 15114 15223 18906 20632 21254
3630 5183 5518 10578 13297 15114 15223 18906 20632 21254
3630 5183 5518 11280 11389 13297 15114 15223 18906 20632
3630 5183 5518 11280 11389 13297 15114 15223 18906 21254
3630 5183 5518 11280 11389 13297 15114 15223 20632 21254
3630 5183 5518 11280 11389 13297 15114 18906 20632 21254
3630 5183 5518 11280 11389 13297 15223 18906 20632 21254
3630 5183 5518 11280 11389 15114 15223 18906 20291 21254
3630 5183 5518 11280 11389 15114 15223 18906 20632 21254
3630 5183 5518 11280 13297 15114 15223 18906 20632 21254
3630 5183 5518 11389 13297 15114 15223 18906 20632 21254
3630 5183 10578 11280 11389 15114 15223 18906 20632 21254
3630 5183 10578 11389 13297 15114 15223 18906 20632 21254
3630 5183 11280 11389 13297 15114 15223 18906 20632 21254
3630 5518 10578 11280 11389 15114 15223 18906 20632 21254
3630 5518 10578 11389 13297 15114 15223 18906 20632 21254
3630 5518 11280 11389 13297 15114 15223 18906 20632 21254
5183 5518 10578 11280 11389 15114 15223 18906 20632 21254
5183 5518 10578 11389 13297 15114 15223 18906 20632 21254
5183 5518 11280 11389 13297 15114 15223 18906 20632 21254
6720 7108 9759 10439 12831 15647 16291 17247 21713 22052